// pageno 이전       시작       끝      다음
 
               
    1      0           1         5       6
    2      0           1         5       6
    3      0           1         5       6
    4      0           1         5       6
    5      0           1         5       6
    6      5           6         10      11
    7      5           6         10      11
    8      5           6         10      11
    9      5           6         10      11
    10     5           6         10      11
    11     10         11         13      0
    12     10         11         13      0
    13     10         11         13      0
